INFORMATION_NEED 1
precision 0.133
recall 0.200
F1 0.160
prec@10 0.200
average_precision 0.437
recall_precision
0.033 1.000
0.067 1.000
0.100 0.200
0.133 0.167
0.167 0.119
0.200 0.136
interpolated_recall_precision
0.000 1.000
0.100 0.200
0.200 0.136
0.300 0.000
0.400 0.000
0.500 0.000
0.600 0.000
0.700 0.000
0.800 0.000
0.900 0.000
1.000 0.000

INFORMATION_NEED 2
precision 0.289
recall 0.245
F1 0.265
prec@10 0.500
average_precision 0.618
recall_precision
0.019 1.000
0.038 1.000
0.057 1.000
0.075 1.000
0.094 1.000
0.113 0.462
0.132 0.467
0.151 0.421
0.170 0.360
0.189 0.357
0.208 0.324
0.226 0.324
0.245 0.317
interpolated_recall_precision
0.000 1.000
0.100 0.467
0.200 0.324
0.300 0.000
0.400 0.000
0.500 0.000
0.600 0.000
0.700 0.000
0.800 0.000
0.900 0.000
1.000 0.000

INFORMATION_NEED 3
precision 0.644
recall 0.420
F1 0.509
prec@10 0.800
average_precision 0.686
recall_precision
0.014 1.000
0.029 0.667
0.043 0.750
0.058 0.800
0.072 0.833
0.087 0.857
0.101 0.778
0.116 0.800
0.130 0.643
0.145 0.625
0.159 0.647
0.174 0.667
0.188 0.650
0.203 0.667
0.217 0.682
0.232 0.640
0.246 0.630
0.261 0.621
0.275 0.633
0.290 0.606
0.304 0.618
0.319 0.629
0.333 0.639
0.348 0.615
0.362 0.625
0.377 0.634
0.391 0.643
0.406 0.651
0.420 0.644
interpolated_recall_precision
0.000 1.000
0.100 0.800
0.200 0.682
0.300 0.651
0.400 0.651
0.500 0.000
0.600 0.000
0.700 0.000
0.800 0.000
0.900 0.000
1.000 0.000

INFORMATION_NEED 4
precision 0.333
recall 0.395
F1 0.361
prec@10 0.900
average_precision 0.859
recall_precision
0.026 1.000
0.053 1.000
0.079 1.000
0.105 1.000
0.132 1.000
0.158 1.000
0.184 1.000
0.211 1.000
0.237 1.000
0.263 0.833
0.289 0.846
0.316 0.857
0.342 0.500
0.368 0.519
0.395 0.333
interpolated_recall_precision
0.000 1.000
0.100 1.000
0.200 1.000
0.300 0.857
0.400 0.000
0.500 0.000
0.600 0.000
0.700 0.000
0.800 0.000
0.900 0.000
1.000 0.000

INFORMATION_NEED 5
precision 0.089
recall 0.085
F1 0.087
prec@10 0.100
average_precision 0.099
recall_precision
0.021 0.111
0.043 0.069
0.064 0.100
0.085 0.118
interpolated_recall_precision
0.000 0.118
0.100 0.000
0.200 0.000
0.300 0.000
0.400 0.000
0.500 0.000
0.600 0.000
0.700 0.000
0.800 0.000
0.900 0.000
1.000 0.000


TOTAL
precision 0.298
recall 0.269
F1 0.283
prec@10 0.500
MAP 0.540
interpolated_recall_precision
0.000 0.824
0.100 0.493
0.200 0.429
0.300 0.302
0.400 0.130
0.500 0.000
0.600 0.000
0.700 0.000
0.800 0.000
0.900 0.000
1.000 0.000
