INFORMATION_NEED 1
precision 0.133
recall 0.200
F1 0.160
prec@10 0.200
average_precision 0.230
recall_precision
0.033 0.250
0.067 0.333
0.100 0.214
0.133 0.190
0.167 0.200
0.200 0.194
interpolated_recall_precision
0.000 0.333
0.100 0.214
0.200 0.194
0.300 0.000
0.400 0.000
0.500 0.000
0.600 0.000
0.700 0.000
0.800 0.000
0.900 0.000
1.000 0.000
INFORMATION_NEED 2
precision 0.289
recall 0.245
F1 0.265
prec@10 0.400
average_precision 0.390
recall_precision
0.019 0.333
0.038 0.500
0.057 0.500
0.075 0.444
0.094 0.417
0.113 0.400
0.132 0.333
0.151 0.364
0.170 0.360
0.189 0.357
0.208 0.379
0.226 0.375
0.245 0.310
interpolated_recall_precision
0.000 0.500
0.100 0.400
0.200 0.379
0.300 0.000
0.400 0.000
0.500 0.000
0.600 0.000
0.700 0.000
0.800 0.000
0.900 0.000
1.000 0.000
INFORMATION_NEED 3
precision 0.178
recall 0.116
F1 0.140
prec@10 0.100
average_precision 0.203
recall_precision
0.014 0.111
0.029 0.167
0.043 0.231
0.058 0.235
0.072 0.250
0.087 0.188
0.101 0.212
0.116 0.229
interpolated_recall_precision
0.000 0.250
0.100 0.229
0.200 0.000
0.300 0.000
0.400 0.000
0.500 0.000
0.600 0.000
0.700 0.000
0.800 0.000
0.900 0.000
1.000 0.000
INFORMATION_NEED 4
precision 0.311
recall 0.368
F1 0.337
prec@10 0.700
average_precision 0.675
recall_precision
0.026 1.000
0.053 1.000
0.079 1.000
0.105 0.800
0.132 0.833
0.158 0.750
0.184 0.778
0.211 0.667
0.237 0.500
0.263 0.500
0.289 0.478
0.316 0.429
0.342 0.351
0.368 0.368
interpolated_recall_precision
0.000 1.000
0.100 0.833
0.200 0.667
0.300 0.429
0.400 0.000
0.500 0.000
0.600 0.000
0.700 0.000
0.800 0.000
0.900 0.000
1.000 0.000
INFORMATION_NEED 5
precision 0.111
recall 0.106
F1 0.109
prec@10 0.100
average_precision 0.162
recall_precision
0.021 0.143
0.043 0.154
0.064 0.176
0.085 0.160
0.106 0.179
interpolated_recall_precision
0.000 0.179
0.100 0.179
0.200 0.000
0.300 0.000
0.400 0.000
0.500 0.000
0.600 0.000
0.700 0.000
0.800 0.000
0.900 0.000
1.000 0.000

TOTAL
precision 0.204
recall 0.207
F1 0.206
prec@10 0.300
MAP 0.332
interpolated_recall_precision
0.000 0.452
0.100 0.371
0.200 0.248
0.300 0.086
0.400 0.000
0.500 0.000
0.600 0.000
0.700 0.000
0.800 0.000
0.900 0.000
1.000 0.000
