INFORMATION_NEED 1
precision 0.111
recall 0.167
F1 0.133
prec@10 0.200
average_precision 0.329
recall_precision
0.033 1.000
0.067 0.222
0.100 0.115
0.133 0.143
0.167 0.167
interpolated_recall_precision
0.000 1.000
0.100 0.167
0.200 0.000
0.300 0.000
0.400 0.000
0.500 0.000
0.600 0.000
0.700 0.000
0.800 0.000
0.900 0.000
1.000 0.000

INFORMATION_NEED 2
precision 0.178
recall 0.151
F1 0.163
prec@10 0.500
average_precision 0.657
recall_precision
0.019 1.000
0.038 1.000
0.057 1.000
0.075 0.571
0.094 0.500
0.113 0.500
0.132 0.438
0.151 0.250
interpolated_recall_precision
0.000 1.000
0.100 0.500
0.200 0.000
0.300 0.000
0.400 0.000
0.500 0.000
0.600 0.000
0.700 0.000
0.800 0.000
0.900 0.000
1.000 0.000

INFORMATION_NEED 3
precision 0.222
recall 0.145
F1 0.175
prec@10 0.000
average_precision 0.220
recall_precision
0.014 0.077
0.029 0.143
0.043 0.200
0.058 0.250
0.072 0.278
0.087 0.286
0.101 0.241
0.116 0.267
0.130 0.220
0.145 0.238
interpolated_recall_precision
0.000 0.286
0.100 0.267
0.200 0.000
0.300 0.000
0.400 0.000
0.500 0.000
0.600 0.000
0.700 0.000
0.800 0.000
0.900 0.000
1.000 0.000

INFORMATION_NEED 4
precision 0.356
recall 0.421
F1 0.386
prec@10 0.800
average_precision 0.821
recall_precision
0.026 1.000
0.053 1.000
0.079 1.000
0.105 1.000
0.132 1.000
0.158 1.000
0.184 1.000
0.211 1.000
0.237 0.818
0.263 0.833
0.289 0.733
0.316 0.750
0.342 0.684
0.368 0.467
0.395 0.484
0.421 0.372
interpolated_recall_precision
0.000 1.000
0.100 1.000
0.200 1.000
0.300 0.750
0.400 0.372
0.500 0.000
0.600 0.000
0.700 0.000
0.800 0.000
0.900 0.000
1.000 0.000

INFORMATION_NEED 5
precision 0.000
recall 0.000
F1 0.000
prec@10 0.000
average_precision 0.000
recall_precision
interpolated_recall_precision
0.000 0.000
0.100 0.000
0.200 0.000
0.300 0.000
0.400 0.000
0.500 0.000
0.600 0.000
0.700 0.000
0.800 0.000
0.900 0.000
1.000 0.000


TOTAL
precision 0.173
recall 0.177
F1 0.175
prec@10 0.300
MAP 0.406
interpolated_recall_precision
0.000 0.657
0.100 0.387
0.200 0.200
0.300 0.150
0.400 0.074
0.500 0.000
0.600 0.000
0.700 0.000
0.800 0.000
0.900 0.000
1.000 0.000
